id	cluster
1	3
2	1
3	2
4	3
7	2
9	2
11	2
16	3
17	2
19	1
23	1
25	3
26	2
27	1
28	2
30	2
32	2
38	3
39	2
43	1
45	2
49	3
53	1
57	1
58	3
61	1
63	2
65	2
69	2
70	3
73	2
74	3
86	1
88	3
89	1
93	3
95	1
97	2
98	3
99	2
100	1
101	1
102	2
103	2
105	3
106	1
107	2
110	1
112	2
113	1
115	1
117	2
119	3
120	1
122	2
124	2
130	3
134	1
135	1
136	3
137	3
140	2
143	1
145	1
147	3
149	1
150	1
151	2
154	1
156	1
158	1
160	3
164	2
264	1
265	2
268	1
272	1
273	3
276	2
277	3
282	2
284	1
286	2
289	1
290	1
291	1
294	2
297	3
311	1
313	2
314	1
315	1
319	2
321	2
323	3
326	3
329	2
331	1
332	1
333	1
334	2
337	1
338	1
339	1
340	2
341	1
343	3
345	3
350	2
352	1
355	1
358	1
359	1
360	2
362	1
371	2
372	1
373	1
375	2
376	2
380	3
385	2
391	1
392	2
393	3
394	1
395	2
397	3
399	2
404	3
409	2
410	2
412	2
415	1
418	1
420	3
423	2
424	1
430	3
433	3
434	2
435	3
436	3
442	2
443	2
444	2
445	3
449	2
450	2
451	2
452	2
454	2
458	1
461	2
462	1
467	1
469	1
472	2
473	2
474	2
475	2
477	3
478	2
483	3
485	1
488	3
490	1
492	2
496	2
499	3
503	3
504	2
505	1
511	2
512	2
517	3
518	3
522	2
523	3
530	2
536	3
537	1
542	3
544	2
545	2
546	2
548	2
550	2
552	2
553	2
554	3
555	2
559	3
560	1
561	3
562	3
563	2
569	2
570	3
572	1
573	2
574	3
577	3
578	3
579	3
580	2
587	1
589	1
590	2
591	1
596	2
597	1
598	2
599	2
603	3
609	1
615	2
621	2
623	1
626	2
627	1
630	3
634	2
635	3
639	3
642	2
643	2
648	1
652	3
653	3
655	1
656	1
661	2
662	1
663	2
664	2
666	3
667	1
668	2
669	2
674	2
676	3
679	2
681	2
682	1
683	2
685	2
686	1
687	2
688	1
690	1
698	1
699	3
703	2
705	2
709	2
710	1
711	1
712	1
715	2
716	1
718	1
719	3
724	1
725	3
726	2
730	3
735	3
736	2
742	2
743	2
744	3
745	2
748	2
750	1
751	3
759	2
761	1
762	3
766	1
768	1
769	1
770	3
774	3
776	2
780	2
781	2
786	3
787	3
792	2
793	2
797	1
798	3
799	2
803	2
804	2
809	3
810	2
811	2
817	2
820	2
821	2
823	2
829	3
831	3
832	2
833	1
834	1
835	2
837	3
838	1
840	1
842	1
843	2
849	2
850	3
852	3
855	2
856	3
858	1
861	1
862	1
863	1
864	2
872	3
876	1
877	1
878	2
881	3
883	3
887	2
888	2
891	2
895	1
896	1
898	1
905	1
916	1
921	2
924	2
929	2
934	2
939	1
940	2
941	2
946	3
948	3
949	1
952	2
958	3
959	2
961	3
965	2
969	2
976	2
982	2
986	2
987	1
992	1
994	2
996	2
997	3
998	3
1004	2
1007	2
1010	3
1011	3
1013	2
1018	2
1022	2
1023	3
1024	3
1027	1
1034	2
1036	1
1044	2
1046	3
1047	2
1048	1
1050	1
1052	3
1053	3
1055	2
1056	3
1057	3
1058	2
1061	3
1062	2
1064	1
1067	3
1071	2
1074	2
1075	2
1077	3
1078	2
1079	1
1080	1
1082	1
1087	2
1090	2
1091	2
1093	2
1096	1
1097	3
1102	3
1105	1
1125	2
1128	1
1133	3
1134	1
1136	2
1137	1
1139	3
1140	1
1145	1
1146	2
1147	1
1150	1
1151	3
1152	2
1154	2
1158	1
1162	1
1163	1
1165	1
1171	1
1176	1
1178	3
1180	2
1182	1
1185	2
1187	2
1193	1
1196	2
1198	2
1201	2
1204	3
1208	1
1214	2
1220	3
1222	2
1223	3
1227	1
1229	2
1240	3
1241	2
1243	3
1244	2
1245	1
1249	2
1251	2
1252	2
1254	2
1255	1
1259	1
1261	1
1265	2
1266	1
1267	1
1269	3
1272	1
1273	2
1274	2
1277	2
1278	2
1280	2
1282	3
1289	3
1298	1
1301	2
1303	2
1307	2
1311	3
1312	2
1314	2
1315	3
1316	1
1317	1
1318	1
1328	3
1329	3
1330	3
1331	3
1333	1
1335	1
1336	1
1339	1
1340	2
1341	1
1342	3
1349	3
1350	1
1351	1
1353	2
1355	1
1362	1
1365	2
1366	1
1367	3
1372	2
1373	2
1375	1
1379	1
1384	1
1389	2
1392	1
1394	1
1397	2
1399	3
1403	3
1404	2
1407	2
1409	1
1411	1
1417	1
1423	2
1424	2
1435	2
1436	2
1443	3
1446	1
1451	3
1455	3
1457	1
1459	1
1460	1
1466	2
1500	2
1503	2
1504	1
1512	1
1543	2
1549	1
1550	1
1551	1
1553	1
1573	3
1575	3
1576	3
1578	2
1580	1
1581	1
1586	1
1588	3
1590	2
1591	2
1593	1
1599	1
1603	2
1605	1
1611	1
1614	3
1622	1
1633	1
1636	2
1637	1
1638	1
1648	2
1649	1
1651	2
1654	2
1657	1
1660	1
1672	2
1675	2
1678	2
1682	3
1687	1
1689	2
1692	2
1706	2
1713	2
1714	2
1717	2
1720	1
1728	2
1730	1
1915	2
1919	2
1972	1
1974	3
1978	2
2014	1
2021	2
2027	1
2036	2
2055	3
2057	1
2060	3
2065	3
2068	2
2076	2
2087	2
2107	1
2112	1
2114	1
2119	1
2128	3
2132	1
2143	2
2148	3
2149	1
2150	2
2151	2
2152	1
2165	3
2166	1
2195	1
2196	1
2197	1
2201	3
2220	2
2228	1
2236	2
2242	1
2258	1
2264	2
2294	2
2295	2
2299	1
2302	1
2304	1
2310	1
2312	2
2313	3
2315	2
2321	1
2322	2
2323	1
2325	1
2326	1
2330	1
2331	3
2332	1
2333	2
2336	1
2346	1
2349	1
2353	2
2354	1
2357	1
2358	3
2360	2
2361	1
2363	3
2368	1
2370	2
2373	1
2375	1
2376	1
2379	1
2380	1
2382	2
2386	1
2388	2
2396	3
2397	2
2401	3
2403	3
2405	1
2407	1
2408	1
2413	2
2415	3
2416	1
2417	2
2418	2
2421	3
2422	2
2423	3
2428	1
2430	3
2432	2
2433	3
2435	1
2436	1
2438	3
2441	2
2444	2
2450	2
2451	3
2456	2
2457	3
2458	2
2459	2
2469	2
2475	2
2478	2
2484	1
2545	3
2566	1
2584	1
2600	1
2602	3
2606	2
2607	2
2616	1
2620	1
2623	1
2624	1
2626	3
2627	2
2631	3
2634	2
2638	2
2640	1
2644	2
2650	3
2653	3
2654	2
2666	3
2675	3
2679	1
2681	3
2682	3
2683	1
2684	2
2687	1
2689	1
2690	2
2698	3
2702	2
2707	1
2708	1
2713	3
2715	2
2716	2
2717	2
2719	2
2720	2
2723	2
2724	2
2726	2
2728	3
2729	1
2730	1
2738	2
2739	2
2742	1
2743	2
2756	1
2757	2
2760	3
2761	3
2762	2
2764	2
2767	2
2768	2
2770	2
2773	1
2776	3
2779	3
2782	2
2783	2
2785	3
2787	3
2789	3
2793	2
2794	3
2795	2
2807	3
2808	1
2809	2
2810	2
2811	2
2814	2
2815	2
2819	2
2823	2
2824	2
2825	2
2828	2
2829	1
2830	1
2832	3
2833	2
2834	1
2835	3
2836	2
2838	2
2840	2
2842	1
2843	1
2845	3
2847	3
2848	3
2849	3
2850	3
2854	1
2855	2
2858	2
2859	1
2861	1
2864	2
2869	2
2870	3
2876	3
2877	1
2881	2
2884	2
2889	3
2890	3
2891	3
2897	2
2902	2
2903	3
2904	1
2906	3
2909	2
2914	2
2920	2
2926	3
2927	3
2928	1
2929	2
2930	1
2931	3
2932	2
2935	2
2936	2
2939	2
2942	2
2945	2
2947	2
2948	2
2951	2
2959	3
2962	2
2963	3
2965	3
2967	3
2971	3
2973	3
2974	1
2976	1
2977	2
2979	1
2980	2
2981	2
2982	3
2983	2
2985	3
2986	2
2988	3
2992	2
2994	1
2995	2
2999	3
3000	2
3003	3
3004	3
3005	2
3007	2
3008	2
3012	3
3014	1
3019	3
3020	3
3021	2
3022	3
3025	2
3026	2
3031	1
3034	2
3035	1
3042	3
3048	1
3049	1
3050	3
3053	2
3054	1
3062	1
3064	1
3073	3
3076	2
3079	3
3086	2
3089	3
3090	1
3091	2
3099	3
3105	2
3106	1
3109	2
3111	1
3117	1
3121	2
3122	2
3130	1
3131	1
3145	1
3152	3
3155	1
3158	1
3168	1
3171	2
3180	2
3183	2
3185	2
3186	2
3197	1
3198	2
3214	2
3217	1
3221	3
3235	2
3236	3
3252	3
3254	3
3263	3
3277	2
3279	2
3281	2
3294	1
3295	3
3298	3
3302	3
3309	2
3315	3
3317	2
3321	1
3326	2
3331	3
3332	1
3336	2
3347	2
3349	2
3354	1
3358	2
3362	1
3365	2
3373	1
3375	3
3384	3
3390	2
3391	3
3393	2
3399	3
3405	2
3406	3
3412	1
3415	2
3417	2
3424	1
3437	3
3438	3
3440	1
3441	2
3443	3
3452	3
3454	2
3456	2
3457	3
3458	1
3459	1
3460	2
3461	2
3462	1
3463	1
3465	3
3478	2
3479	2
3482	2
3483	1
3485	2
3495	2
3500	1
3502	1
3506	1
3507	3
3510	1
3511	1
3513	2
3516	3
3518	1
3519	3
3521	1
3522	1
3524	1
3526	1
3529	3
3530	1
3538	3
3543	2
3544	1
3548	3
3549	1
3551	2
3553	3
3559	1
3561	3
3565	2
3567	3
3575	2
3576	2
3579	2
3584	3
3585	2
3586	2
3587	2
3590	1
3593	2
3597	2
3599	1
3600	2
3604	2
3607	3
3608	3
3610	3
3611	1
3616	2
3618	3
3619	2
3621	3
3622	2
3624	1
3627	1
3628	1
3630	3
3633	3
3634	2
3640	2
3641	2
3646	2
3653	2
3656	3
3657	3
3662	2
3665	3
3672	1
3674	2
3675	2
3677	2
3679	3
3682	1
3686	2
3687	2
3688	2
3691	3
3692	2
3693	2
3698	2
3702	3
3704	2
3705	2
3706	2
3708	1
3709	1
3712	2
3713	2
3714	1
3716	2
3717	2
3723	3
3727	3
3729	1
3730	2
3732	1
3738	2
3740	2
3754	1
3760	2
3762	2
3775	1
3777	1
3785	1
3788	3
3791	1
3797	2
